"","ANGER","ANXIETY","BAD","BITTER","BLACK","BLUE","BRIGHT","BROWN","COOKED","DARK","DESIRE","ENVY","FEAR","FRESH","GLOOMY","GOOD","GREEN","GRIEF","HAPPY","HATE","HOPE","JOY","LIGHT","LIKE","LOVE","MERRY","ORANGE","PITY","PROUD","PURPLE","RAW","RED","REGRET","RIPE","ROTTEN","SAD","SALT","SALTY","SHAME","SOUR","SPICY","SURPRISED","SWEET","TASTE","UNRIPE","WANT","WHITE","WORRY","YELLOW","GREY","TASTY"
"ANGER",1,0.733584738243124,0.660159716060337,0.599600709849157,0.242242907801418,0.167173252279635,0.151020408163266,0.05188884064264,0.117753623188406,0.354166666666667,0.542336083369518,0.723404255319149,0.84375,0.0718537414965988,0.659651360544218,0.263297872340426,0.0418882978723404,0.73469387755102,0.561224489795918,0.938775510204082,0.395833333333333,0.510421189752497,0.113520408163266,0.295918367346939,0.573382544507165,0.385416666666667,0.0104166666666667,0.649447278911565,0.510204081632653,0.0622874149659866,0.343247937472862,0.364524533217542,0.778812056737589,0.133715986394558,0.358156028368794,0.772746598639456,0.115718627876683,0.278061224489796,0.700892857142857,0.285714285714286,0.185586734693877,0.504464285714285,0.176943117672601,0.177811550151976,0.179818594104309,0.265079365079365,0.0510204081632653,0.772746598639456,0.0425724637681159,0.0944148936170213,0.114415979157621
"ANXIETY",0.733584738243124,1,0.619047619047619,0.484693877551021,0.104646113764655,0.23639455782313,0.125,0.0421099290780142,0.0718537414965988,0.448979591836735,0.479591836734694,0.744897959183673,0.882312925170068,0.157403386886669,0.670280612244898,0.329931972789115,0,0.862810283687943,0.393617021276595,0.677160225792445,0.489795918367347,0.469387755102041,0.123511904761905,0.332609639600521,0.380952380952381,0.342379504993487,0,0.681898846495119,0.401998299319728,0.0421189752496743,0.217261904761905,0.113520408163266,0.783163265306122,0.177811550151976,0.356057316543639,0.760095527572731,0.0720663265306122,0.192743764172335,0.824404761904762,0.230134607034303,0.231826241134752,0.62133984028394,0.144557823129252,0.126329787234043,0.185799319727891,0.505540780141844,0.0310374149659864,0.908163265306122,0.0826955782312926,0.18627876682588,0.175170068027211
"BAD",0.660159716060337,0.619047619047619,1,0.536777210884354,0.183446712018141,0.115873015873016,0.126551418439717,0.145028224055579,0.197785497177594,0.476486246672582,0.219496309161962,0.469387755102041,0.556547619047619,0.285714285714286,0.669642857142857,0.677160225792445,0.0204081632653061,0.72172619047619,0.467120181405896,0.666521927920104,0.285714285714286,0.41765543426673,0.144982993197279,0.377551020408163,0.277848639455782,0.348562152133581,0.0410289115646258,0.552083333333333,0.390860692102928,0.0208333333333333,0.357142857142857,0.112244897959184,0.589317375886525,0.302865827181937,0.755102040816326,0.771168041684759,0.144132653061224,0.237457482993197,0.698611111111111,0.538033395176252,0.219496309161962,0.318877551020408,0.19991134751773,0.257865646258504,0.53126356925749,0.244897959183673,0.0306122448979592,0.598935226264419,0.0319148936170213,0.0822704081632655,0.326530612244898
"BITTER",0.599600709849157,0.484693877551021,0.536777210884354,1,0.183673469387755,0.163265306122449,0.190328305235137,0.145833333333334,0.499348675640469,0.309098639455783,0.237882653061224,0.583333333333333,0.371598639455783,0.411989795918367,0.453443877551021,0.206207482993197,0.105978260869565,0.510204081632653,0.231382978723404,0.607780612244898,0.23114463176575,0.210771276595745,0.113732993197279,0.176943117672601,0.177811550151976,0.316267730496454,0.178793256433008,0.391581632653061,0.285714285714286,0.0408163265306123,0.602777777777778,0.106884057971015,0.526147959183674,0.489795918367347,0.660076530612245,0.536139455782313,0.576955782312925,0.779059449866903,0.458966565349544,0.948979591836735,0.659651360544218,0.181159420289855,0.672872340425532,0.704081632653061,0.673469387755102,0.189318280503691,0.154974489795918,0.418811002661934,0.113307823129252,0.153061224489796,0.587372448979592
"BLACK",0.242242907801418,0.104646113764655,0.183446712018141,0.183673469387755,1,0.915762049500652,0.404906643508468,0.916630481980027,0.199866903283052,0.803996598639456,0.0514455782312924,0.139002267573696,0.192216421452302,0.102040816326531,0.448762483716891,0.102465986394558,0.787755102040816,0.23703231292517,0.114850195397308,0.197916666666667,0.0924744897959185,0.0306122448979592,0.479166666666667,0.0510204081632653,0.10603371783496,0.0523513753327417,0.73881893182805,0.124185844550586,0.103316326530612,0.85054347826087,0.165391156462585,0.799423758865248,0.135692574902301,0.123724489795918,0.364090316977855,0.219496309161962,0.129166666666666,0.136126791141989,0.115913120567376,0.156534954407295,0.148181011535049,0.0410289115646258,0.113732993197279,0.106699201419698,0.247448979591837,0.0310374149659864,0.853514739229025,0.178679982631351,0.721301020408163,0.864307425097699,0.0625271385149804
"BLUE",0.167173252279635,0.23639455782313,0.115873015873016,0.163265306122449,0.915762049500652,1,0.422831632653061,0.845238095238095,0.0720663265306122,0.561441597915762,0.103343465045593,0.176074685193226,0.155187074829932,0.134824142422927,0.597151360544218,0.0616587060356059,0.917701863354037,0.260312635692575,0.250887311446317,0.150092506938021,0.13265306122449,0.156969170646982,0.416666666666667,0.123724489795918,0.105496453900709,0.134141156462585,0.804634353741496,0.207989578810247,0.156388642413487,0.823491098567086,0.096527777777778,0.904438405797102,0.19092970521542,0.0933248299319726,0.126108156028369,0.422619047619048,0.136746453900709,0.116780045351474,0.158858998144712,0.102040816326531,0.0926870748299322,0.0842198581560284,0.113520408163266,0.0622874149659866,0.168882978723404,0.104211897524968,0.765306122448979,0.226615646258504,0.812852800694746,0.802083333333333,0.0648526077097506
"BRIGHT",0.151020408163266,0.125,0.126551418439717,0.190328305235137,0.404906643508468,0.422831632653061,1,0.423256802721089,0.185260770975057,0.68589174800355,0.358251996450754,0.123511904761905,0.191659272404614,0.561224489795919,0.479591836734694,0.422193877551021,0.483377659574468,0.133928571428572,0.742984693877551,0.113732993197279,0.581632653061225,0.618506493506493,0.88558402084238,0.348526077097505,0.418367346938776,0.747116237799468,0.449630916196265,0.114850195397308,0.464285714285715,0.389529724933452,0.10899814471243,0.434693877551021,0.073581560283688,0.360544217687074,0.125488493269649,0.163265306122449,0.153061224489796,0.136126791141989,0.125776397515528,0.192028985507247,0.216836734693877,0.412202380952381,0.390860692102928,0.168589174800355,0.185586734693877,0.214058956916099,0.717542336083369,0.183673469387755,0.65625,0.432823129251701,0.267431972789116
"BROWN",0.05188884064264,0.0421099290780142,0.145028224055579,0.145833333333334,0.916630481980027,0.845238095238095,0.423256802721089,1,0.458730158730159,0.631427304964539,0.0206207482993198,0.0208333333333333,0.0727312201476335,0.152083333333334,0.15391156462585,0.0631648936170213,0.812418584455058,0.0520833333333333,0.0308248299319729,0.0208423795049935,0.0520833333333333,0.0527572731220148,0.426617455492835,0.0102040816326531,0.0102040816326531,0.09375,0.885149804602692,0.104646113764655,0.0518707482993198,0.809671694764862,0.224184782608696,0.826530612244898,0.115284411636995,0.427083333333333,0.323273990447243,0.0816326530612245,0.185374149659864,0.185374149659864,0.113732993197279,0.173469387755102,0.296598639455782,0.0204081632653061,0.229166666666667,0.11875,0.349914965986394,0.0208333333333333,0.755989352262644,0.0520833333333333,0.814625850340136,0.826530612244898,0.0972222222222222
"COOKED",0.117753623188406,0.0718537414965988,0.197785497177594,0.499348675640469,0.199866903283052,0.0720663265306122,0.185260770975057,0.458730158730159,1,0.229266174554928,0.133928571428572,0.065217391304348,0.0838037342596611,0.779033687943262,0.0714285714285716,0.36495874945723,0.301110083256244,0.114850195397308,0.0940078158923142,0.0629613547546679,0.113520408163266,0.126441881100266,0.293877551020408,0.145028224055579,0.154336734693877,0.113732993197279,0.371386054421769,0.0510204081632653,0.164965986394558,0.187147199305254,0.817460317460317,0.255102040816326,0.102465986394558,0.712765957446808,0.635416666666667,0.0612244897959183,0.707772470690403,0.720629047178538,0.0734250221827862,0.558784383318545,0.749112688553683,0.188829787234043,0.625271385149805,0.795918367346939,0.642857142857142,0.13265306122449,0.188015631784628,0.0928996598639457,0.175807823129252,0.146941489361702,0.768617021276596
"DARK",0.354166666666667,0.448979591836735,0.476486246672582,0.309098639455783,0.803996598639456,0.561441597915762,0.68589174800355,0.631427304964539,0.229266174554928,1,0.270950933564916,0.292227529309597,0.608843537414966,0.171428571428571,0.758651286601597,0.12672045562411,0.381859410430839,0.448328267477204,0.148936170212766,0.447619047619048,0.26530612244898,0.14751552795031,0.820652173913043,0.165391156462585,0.158385093167702,0.138297872340426,0.365986394557824,0.38623534520191,0.0729166666666667,0.478506296135475,0.267800453514739,0.442546583850932,0.290924880590534,0.168589174800355,0.478940512375163,0.474277210884354,0.128798185941044,0.163265306122449,0.360969387755102,0.275510204081633,0.237670068027211,0.0931393834129398,0.180725623582767,0.0833695180199739,0.322448979591837,0.0510204081632653,0.614583333333333,0.275510204081633,0.340348639455783,0.612164662349676,0.102040816326531
"DESIRE",0.542336083369518,0.479591836734694,0.219496309161962,0.237882653061224,0.0514455782312924,0.103343465045593,0.358251996450754,0.0206207482993198,0.133928571428572,0.270950933564916,1,0.734250221827861,0.48121521335807,0.28890306122449,0.336734693877551,0.45809813287017,0.0408163265306122,0.438775510204082,0.621675531914893,0.50377107364685,0.861904761904762,0.700892857142857,0.257865646258504,0.791576204950065,0.822622666087711,0.556760204081633,0.0308248299319729,0.453869047619048,0.671694764862466,0.0931677018633541,0.221187943262411,0.102891156462585,0.505767524401065,0.212862318840579,0.125922709509336,0.447459834997829,0.0964749536178109,0.175807823129252,0.43812418584455,0.120265151515151,0.216836734693877,0.547429078014185,0.354320451584889,0.344550586191923,0.0829636202307011,0.845238095238095,0.144770408163266,0.382227891156462,0.0629613547546679,0.0408163265306122,0.336734693877551
"ENVY",0.723404255319149,0.744897959183673,0.469387755102041,0.583333333333333,0.139002267573696,0.176074685193226,0.123511904761905,0.0208333333333333,0.065217391304348,0.292227529309597,0.734250221827861,1,0.646113764654798,0.0935735996526272,0.528172138420586,0.299107142857143,0.400044326241135,0.724489795918367,0.426183239253148,0.720663265306122,0.503174603174603,0.520408163265306,0.073581560283688,0.392431972789115,0.563612679114199,0.288265306122449,0.0410289115646258,0.65625,0.515093537414966,0.0631648936170213,0.23703231292517,0.166666666666667,0.604166666666667,0.0839982269503547,0.329931972789115,0.526152482269504,0.103528911564626,0.227253401360544,0.722151360544218,0.285714285714286,0.112244897959184,0.473404255319149,0.200132978723404,0.116847826086956,0.0740905057675244,0.653061224489796,0.0306122448979592,0.642287234042553,0.156100738167608,0.142857142857143,0.193877551020408
"FEAR",0.84375,0.882312925170068,0.556547619047619,0.371598639455783,0.192216421452302,0.155187074829932,0.191659272404614,0.0727312201476335,0.0838037342596611,0.608843537414966,0.48121521335807,0.646113764654798,1,0.195578231292517,0.752551020408163,0.379991126885537,0.0421099290780142,0.780937907077725,0.443027210884354,0.825255102040817,0.515518707482993,0.582283977420756,0.13265306122449,0.33014455782313,0.50531914893617,0.350552721088435,0.0104166666666667,0.71875,0.540352504638219,0.0634057971014493,0.310992578849722,0.102040816326531,0.793792517006803,0.103316326530612,0.227040816326531,0.7405557967868,0.0861678004535146,0.15905057675244,0.801464063886424,0.207989578810247,0.163265306122449,0.559722222222222,0.0846920289855074,0.146330872774642,0.103103741496599,0.427083333333333,0.0534420289855072,0.895833333333333,0.0516581632653061,0.20929222752931,0.0833333333333335
"FRESH",0.0718537414965988,0.157403386886669,0.285714285714286,0.411989795918367,0.102040816326531,0.134824142422927,0.561224489795919,0.152083333333334,0.779033687943262,0.171428571428571,0.28890306122449,0.0935735996526272,0.195578231292517,1,0.152173913043478,0.63265306122449,0.459183673469387,0.0625271385149804,0.369015957446808,0.0833333333333335,0.285714285714286,0.384064264003474,0.614512471655329,0.321971341728181,0.334780720798958,0.395833333333333,0.41156462585034,0.0842945874001775,0.286157941437444,0.147606382978723,0.74234693877551,0.26764455782313,0.105668934240363,0.802214502822405,0.680851063829788,0.0738224637681161,0.495345744680851,0.562310030395136,0.0629613547546679,0.576955782312925,0.536352040816326,0.277284826974268,0.682086167800454,0.680272108843538,0.704081632653061,0.154761904761905,0.360969387755102,0.123724489795918,0.236607142857143,0.113732993197279,0.804730983302412
"GLOOMY",0.659651360544218,0.670280612244898,0.669642857142857,0.453443877551021,0.448762483716891,0.597151360544218,0.479591836734694,0.15391156462585,0.0714285714285716,0.758651286601597,0.336734693877551,0.528172138420586,0.752551020408163,0.152173913043478,1,0.228397742075554,0.0833695180199739,0.706035605731655,0.474489795918367,0.53656462585034,0.346938775510204,0.371386054421769,0.365392965696917,0.218627876682588,0.26764455782313,0.50998697351281,0.0842379504993487,0.648936170212766,0.371173469387755,0.123724489795918,0.195578231292517,0.147163120567376,0.650085034013606,0.0735996526270082,0.530612244897959,0.88125,0.0416666666666667,0.255102040816327,0.588731144631766,0.397959183673469,0.23114463176575,0.408163265306122,0.16866134751773,0.0838037342596611,0.257865646258504,0.267857142857143,0.0722789115646258,0.683673469387755,0.102040816326531,0.479166666666667,0.144557823129252
"GOOD",0.263297872340426,0.329931972789115,0.677160225792445,0.206207482993197,0.102465986394558,0.0616587060356059,0.422193877551021,0.0631648936170213,0.36495874945723,0.12672045562411,0.45809813287017,0.299107142857143,0.379991126885537,0.63265306122449,0.228397742075554,1,0.153061224489796,0.270950933564916,0.842280390417036,0.414676508901433,0.737950499348676,0.773171768707483,0.438775510204081,0.650566893424037,0.717976552323057,0.728614850195397,0.123724489795918,0.309098639455783,0.663265306122449,0.0927051671732523,0.204081632653062,0.113732993197279,0.284574468085107,0.479166666666667,0.361181972789115,0.5,0.216624149659864,0.229266174554928,0.356255545696539,0.250108554059922,0.302431610942249,0.584020842379505,0.605297438124186,0.406610470275066,0.215773809523809,0.391369047619048,0.188449848024316,0.346938775510204,0.103528911564626,0.166304819800261,0.649659863945579
"GREEN",0.0418882978723404,0,0.0204081632653061,0.105978260869565,0.787755102040816,0.917701863354037,0.483377659574468,0.812418584455058,0.301110083256244,0.381859410430839,0.0408163265306122,0.400044326241135,0.0421099290780142,0.459183673469387,0.0833695180199739,0.153061224489796,1,0.126108156028369,0.0616496598639455,0.053191489361702,0.0528344671201813,0.0629432624113476,0.392006802721089,0.115691489361702,0.0838037342596611,0.113732993197279,0.824192176870748,0.0826955782312926,0.112244897959184,0.874945722970039,0.361607142857143,0.927721088435374,0.0217803030303031,0.445804988662131,0.226828231292517,0.075421472937001,0.209726443768997,0.163265306122449,0.03125,0.216624149659864,0.218193660442901,0.0421195652173913,0.270138888888889,0.134141156462585,0.515735815602837,0.0321557971014493,0.781680113906027,0.0308248299319729,0.882978723404256,0.776643990929705,0.244897959183674
"GRIEF",0.73469387755102,0.862810283687943,0.72172619047619,0.510204081632653,0.23703231292517,0.260312635692575,0.133928571428572,0.0520833333333333,0.114850195397308,0.448328267477204,0.438775510204082,0.724489795918367,0.780937907077725,0.0625271385149804,0.706035605731655,0.270950933564916,0.126108156028369,1,0.447916666666667,0.66921768707483,0.464404366397722,0.453416149068323,0.104211897524968,0.290924880590534,0.47406462585034,0.360544217687074,0.0625,0.79421768707483,0.469170646982198,0.0306122448979591,0.244897959183673,0.0722789115646258,0.749023013460703,0.11756876663709,0.382227891156462,0.937444543034605,0.148049645390071,0.189662821650399,0.721938775510204,0.316326530612245,0.0738031914893617,0.448328267477204,0.126551418439717,0.123937074829932,0.117300724637682,0.389406028368794,0.0918367346938778,0.742134353741496,0.0618622448979591,0.306122448979592,0.0839982269503547
"HAPPY",0.561224489795918,0.393617021276595,0.467120181405896,0.231382978723404,0.114850195397308,0.250887311446317,0.742984693877551,0.0308248299319729,0.0940078158923142,0.148936170212766,0.621675531914893,0.426183239253148,0.443027210884354,0.369015957446808,0.474489795918367,0.842280390417036,0.0616496598639455,0.447916666666667,1,0.464285714285715,0.806122448979592,0.957890070921986,0.433673469387755,0.755328798185941,0.791925465838509,0.903628117913832,0.126108156028369,0.316326530612245,0.812418584455058,0.105718085106383,0.0816326530612245,0.0612244897959184,0.332638888888889,0.116903283052351,0.103103741496599,0.556787932564331,0.124362244897959,0.144557823129252,0.36790780141844,0.145833333333333,0.216198979591837,0.75,0.454506802721088,0.274379432624114,0.0729166666666667,0.442154255319149,0.134141156462585,0.515971606033718,0.125054277029961,0.0826955782312926,0.387755102040816
"HATE",0.938775510204082,0.677160225792445,0.666521927920104,0.607780612244898,0.197916666666667,0.150092506938021,0.113732993197279,0.0208423795049935,0.0629613547546679,0.447619047619048,0.50377107364685,0.720663265306122,0.825255102040817,0.0833333333333335,0.53656462585034,0.414676508901433,0.053191489361702,0.66921768707483,0.464285714285715,1,0.583152409900131,0.535501700680272,0.135416666666667,0.655883630047764,0.698658649398705,0.418367346938776,0,0.673469387755102,0.463222789115646,0.0208333333333334,0.142857142857143,0.15,0.660501700680272,0.134566326530612,0.375,0.753188775510204,0.13265306122449,0.217759444203213,0.724489795918367,0.278061224489796,0.191576086956522,0.4375,0.207386363636363,0.171428571428571,0.202528837622005,0.447916666666667,0.115572315882875,0.641371158392435,0.0102040816326531,0.145833333333334,0.141929499072356
"HOPE",0.395833333333333,0.489795918367347,0.285714285714286,0.23114463176575,0.0924744897959185,0.13265306122449,0.581632653061225,0.0520833333333333,0.113520408163266,0.26530612244898,0.861904761904762,0.503174603174603,0.515518707482993,0.285714285714286,0.346938775510204,0.737950499348676,0.0528344671201813,0.464404366397722,0.806122448979592,0.583152409900131,1,0.886692176870748,0.56187581415545,0.639668367346939,0.883096716947649,0.735581188997338,0.0944986690328307,0.422406462585034,0.757985803016858,0.09375,0.136968085106383,0.0612244897959184,0.47641723356009,0.234693877551021,0.114583333333334,0.448328267477204,0.0638586956521739,0.0614370748299322,0.392063492063493,0.0926870748299322,0.125,0.573816760746852,0.285714285714286,0.185586734693877,0.0836291038154394,0.614583333333333,0.166739036039948,0.413265306122449,0.105080330004342,0.114583333333334,0.185586734693877
"JOY",0.510421189752497,0.469387755102041,0.41765543426673,0.210771276595745,0.0306122448979592,0.156969170646982,0.618506493506493,0.0527572731220148,0.126441881100266,0.14751552795031,0.700892857142857,0.520408163265306,0.582283977420756,0.384064264003474,0.371386054421769,0.773171768707483,0.0629432624113476,0.453416149068323,0.957890070921986,0.535501700680272,0.886692176870748,1,0.415979157620495,0.658956916099773,0.838775510204081,0.904170363797693,0.136561007381676,0.40625,0.835034013605442,0.0966697502312673,0.0842198581560284,0.0625271385149804,0.484693877551021,0.237457482993197,0.0724914965986397,0.53656914893617,0.0512329931972789,0.0964749536178109,0.437689969604864,0.136524822695035,0.193877551020408,0.785714285714286,0.428571428571429,0.211401952085182,0.0638864241348714,0.433460884353742,0.127772848269743,0.50531462585034,0.113547546678246,0.0948581560283687,0.348404255319149
"LIGHT",0.113520408163266,0.123511904761905,0.144982993197279,0.113732993197279,0.479166666666667,0.416666666666667,0.88558402084238,0.426617455492835,0.293877551020408,0.820652173913043,0.257865646258504,0.073581560283688,0.13265306122449,0.614512471655329,0.365392965696917,0.438775510204081,0.392006802721089,0.104211897524968,0.433673469387755,0.135416666666667,0.56187581415545,0.415979157620495,1,0.306122448979592,0.495323129251701,0.463209219858156,0.346051464063886,0.0722789115646258,0.184736394557824,0.473426870748299,0.21875,0.426617455492835,0.0612244897959184,0.322916666666667,0.103316326530612,0.188015631784628,0.330163043478261,0.37559704732957,0.0733599290780143,0.196428571428572,0.275510204081633,0.270833333333333,0.454081632653061,0.321102909248806,0.23816760746852,0.208333333333333,0.739583333333333,0.114583333333334,0.639243197278912,0.469387755102041,0.315439219165927
"LIKE",0.295918367346939,0.332609639600521,0.377551020408163,0.176943117672601,0.0510204081632653,0.123724489795918,0.348526077097505,0.0102040816326531,0.145028224055579,0.165391156462585,0.791576204950065,0.392431972789115,0.33014455782313,0.321971341728181,0.218627876682588,0.650566893424037,0.115691489361702,0.290924880590534,0.755328798185941,0.655883630047764,0.639668367346939,0.658956916099773,0.306122448979592,1,0.895788102475032,0.521493703864525,0.0416666666666667,0.343432007400555,0.595011337868481,0.0310374149659864,0.0722970039079464,0.0308248299319729,0.411352040816326,0.23703231292517,0.126984126984127,0.316770186335404,0.154549319727891,0.177083333333333,0.320199275362319,0.165603741496599,0.175382653061224,0.615067303517152,0.413052721088435,0.378767730496454,0.0727312201476335,0.773809523809524,0.183673469387756,0.326530612244898,0.0527482269503546,0.0714285714285716,0.470039079461572
"LOVE",0.573382544507165,0.380952380952381,0.277848639455782,0.177811550151976,0.10603371783496,0.105496453900709,0.418367346938776,0.0102040816326531,0.154336734693877,0.158385093167702,0.822622666087711,0.563612679114199,0.50531914893617,0.334780720798958,0.26764455782313,0.717976552323057,0.0838037342596611,0.47406462585034,0.791925465838509,0.698658649398705,0.883096716947649,0.838775510204081,0.495323129251701,0.895788102475032,1,0.744897959183674,0.0418882978723404,0.489795918367347,0.75,0.143920068027211,0.154549319727891,0.200576241134752,0.516637089618456,0.216836734693877,0.125488493269649,0.482697426796805,0.105274822695036,0.135416666666667,0.418367346938776,0.102040816326531,0.158466312056738,0.489795918367347,0.504464285714285,0.219062092922275,0.0529698581560284,0.59375,0.136126791141989,0.504676870748299,0.0614370748299322,0.0514455782312924,0.196003401360544
"MERRY",0.385416666666667,0.342379504993487,0.348562152133581,0.316267730496454,0.0523513753327417,0.134141156462585,0.747116237799468,0.09375,0.113732993197279,0.138297872340426,0.556760204081633,0.288265306122449,0.350552721088435,0.395833333333333,0.50998697351281,0.728614850195397,0.113732993197279,0.360544217687074,0.903628117913832,0.418367346938776,0.735581188997338,0.904170363797693,0.463209219858156,0.521493703864525,0.744897959183674,1,0.106575963718821,0.358156028368794,0.607780612244898,0.166739036039948,0.126441881100266,0.206207482993197,0.290924880590534,0.175170068027211,0.136126791141989,0.470748299319728,0.0849600709849156,0.157719609582963,0.368351063829787,0.183673469387755,0.183673469387755,0.589539007092199,0.521059487624837,0.185374149659864,0.105053191489362,0.33717834960071,0.205569727891157,0.448979591836735,0.126441881100266,0.108695652173913,0.357142857142857
"ORANGE",0.0104166666666667,0,0.0410289115646258,0.178793256433008,0.73881893182805,0.804634353741496,0.449630916196265,0.885149804602692,0.371386054421769,0.365986394557824,0.0308248299319729,0.0410289115646258,0.0104166666666667,0.41156462585034,0.0842379504993487,0.123724489795918,0.824192176870748,0.0625,0.126108156028369,0,0.0944986690328307,0.136561007381676,0.346051464063886,0.0416666666666667,0.0418882978723404,0.106575963718821,1,0,0.0724914965986397,0.851818988464951,0.250976986539297,0.834608843537415,0.0204081632653061,0.552540165002171,0.185799319727891,0.0416666666666667,0.329931972789115,0.26530612244898,0.0102040816326531,0.375,0.370535714285715,0.0829353017802868,0.396005210594876,0.410603371783496,0.453231292517007,0.0421195652173913,0.728614850195397,0.0306122448979592,0.906675170068028,0.690688775510204,0.406802721088436
"PITY",0.649447278911565,0.681898846495119,0.552083333333333,0.391581632653061,0.124185844550586,0.207989578810247,0.114850195397308,0.104646113764655,0.0510204081632653,0.38623534520191,0.453869047619048,0.65625,0.71875,0.0842945874001775,0.648936170212766,0.309098639455783,0.0826955782312926,0.79421768707483,0.316326530612245,0.673469387755102,0.422406462585034,0.40625,0.0722789115646258,0.343432007400555,0.489795918367347,0.358156028368794,0,1,0.54363873208858,0.0820578231292518,0.229266174554928,0.0208333333333333,0.772959183673469,0.142857142857143,0.372562358276644,0.690688775510204,0.204081632653062,0.284580498866213,0.750118203309693,0.256628787878788,0.165178571428572,0.428571428571428,0.105939716312057,0.135416666666667,0.175595238095238,0.412627551020408,0.0314806773773339,0.793154761904762,0.0310374149659864,0.105496453900709,0.201197870452529
"PROUD",0.510204081632653,0.401998299319728,0.390860692102928,0.285714285714286,0.103316326530612,0.156388642413487,0.464285714285715,0.0518707482993198,0.164965986394558,0.0729166666666667,0.671694764862466,0.515093537414966,0.540352504638219,0.286157941437444,0.371173469387755,0.663265306122449,0.112244897959184,0.469170646982198,0.812418584455058,0.463222789115646,0.757985803016858,0.835034013605442,0.184736394557824,0.595011337868481,0.75,0.607780612244898,0.0724914965986397,0.54363873208858,1,0.154761904761905,0.0618622448979591,0.0510204081632653,0.478260869565218,0.179299645390071,0.113095238095238,0.494902482269504,0.0829636202307011,0.145833333333333,0.583586626139817,0.175807823129252,0.134353741496599,0.755102040816326,0.302431610942249,0.0933248299319726,0.125,0.443877551020408,0.104166666666667,0.469387755102041,0.0747559893522626,0.0416666666666667,0.236819727891157
"PURPLE",0.0622874149659866,0.0421189752496743,0.0208333333333333,0.0408163265306123,0.85054347826087,0.823491098567086,0.389529724933452,0.809671694764862,0.187147199305254,0.478506296135475,0.0931677018633541,0.0631648936170213,0.0634057971014493,0.147606382978723,0.123724489795918,0.0927051671732523,0.874945722970039,0.0306122448979591,0.105718085106383,0.0208333333333334,0.09375,0.0966697502312673,0.473426870748299,0.0310374149659864,0.143920068027211,0.166739036039948,0.851818988464951,0.0820578231292518,0.154761904761905,1,0.122448979591837,0.876275510204082,0.0510204081632653,0.198653929656969,0.115718627876683,0.0310374149659864,0.0625271385149804,0.0836291038154394,0.0421189752496743,0.0918367346938778,0.115691489361702,0.0944420321320017,0.127717391304348,0.0734250221827862,0.116780045351474,0.0510204081632653,0.72172619047619,0.0306122448979591,0.873558118899733,0.811002661934339,0.107336956521739
"RAW",0.343247937472862,0.217261904761905,0.357142857142857,0.602777777777778,0.165391156462585,0.096527777777778,0.10899814471243,0.224184782608696,0.817460317460317,0.267800453514739,0.221187943262411,0.23703231292517,0.310992578849722,0.74234693877551,0.195578231292517,0.204081632653062,0.361607142857143,0.244897959183673,0.0816326530612245,0.142857142857143,0.136968085106383,0.0842198581560284,0.21875,0.0722970039079464,0.154549319727891,0.126441881100266,0.250976986539297,0.229266174554928,0.0618622448979591,0.122448979591837,1,0.401998299319728,0.278273809523809,0.691489361702127,0.736258865248227,0.259878419452887,0.562744246634824,0.629251700680272,0.204081632653061,0.643552875695733,0.670280612244898,0.149511978704525,0.510855405992184,0.620124113475177,0.836734693877551,0.116237799467614,0.179818594104309,0.237457482993197,0.0510204081632653,0.135258358662614,0.618652112007594
"RED",0.364524533217542,0.113520408163266,0.112244897959184,0.106884057971015,0.799423758865248,0.904438405797102,0.434693877551021,0.826530612244898,0.255102040816326,0.442546583850932,0.102891156462585,0.166666666666667,0.102040816326531,0.26764455782313,0.147163120567376,0.113732993197279,0.927721088435374,0.0722789115646258,0.0612244897959184,0.15,0.0612244897959184,0.0625271385149804,0.426617455492835,0.0308248299319729,0.200576241134752,0.206207482993197,0.834608843537415,0.0208333333333333,0.0510204081632653,0.876275510204082,0.401998299319728,1,0.114850195397308,0.469387755102041,0.146330872774642,0.0816326530612246,0.0937499999999998,0.12677304964539,0.0638864241348714,0.099431818181818,0.381590136054421,0.0625271385149804,0.0737476808905382,0.104211897524968,0.237244897959184,0.0314716312056737,0.812418584455058,0.063386524822695,0.866071428571428,0.73881893182805,0.11756876663709
"REGRET",0.778812056737589,0.783163265306122,0.589317375886525,0.526147959183674,0.135692574902301,0.19092970521542,0.073581560283688,0.115284411636995,0.102465986394558,0.290924880590534,0.505767524401065,0.604166666666667,0.793792517006803,0.105668934240363,0.650085034013606,0.284574468085107,0.0217803030303031,0.749023013460703,0.332638888888889,0.660501700680272,0.47641723356009,0.484693877551021,0.0612244897959184,0.411352040816326,0.516637089618456,0.290924880590534,0.0204081632653061,0.772959183673469,0.478260869565218,0.0510204081632653,0.278273809523809,0.114850195397308,1,0.115284411636995,0.393399913156752,0.777728482697427,0.11756876663709,0.175595238095238,0.86734693877551,0.23703231292517,0.122448979591837,0.479374728614851,0.10643115942029,0.113095238095238,0.176232993197279,0.546542553191489,0.0425531914893617,0.793367346938775,0.0206207482993198,0.13265306122449,0.13718820861678
"RIPE",0.133715986394558,0.177811550151976,0.302865827181937,0.489795918367347,0.123724489795918,0.0933248299319726,0.360544217687074,0.427083333333333,0.712765957446808,0.168589174800355,0.212862318840579,0.0839982269503547,0.103316326530612,0.802214502822405,0.0735996526270082,0.479166666666667,0.445804988662131,0.11756876663709,0.116903283052351,0.134566326530612,0.234693877551021,0.237457482993197,0.322916666666667,0.23703231292517,0.216836734693877,0.175170068027211,0.552540165002171,0.142857142857143,0.179299645390071,0.198653929656969,0.691489361702127,0.469387755102041,0.115284411636995,1,0.825255102040817,0.155232305688233,0.489795918367347,0.548334875115634,0.0722789115646258,0.571645679548415,0.642857142857143,0.0722789115646258,0.679800724637681,0.59826974267968,0.851063829787234,0.205994897959184,0.219062092922275,0.0928996598639457,0.448979591836735,0.15625,0.718410768562744
"ROTTEN",0.358156028368794,0.356057316543639,0.755102040816326,0.660076530612245,0.364090316977855,0.126108156028369,0.125488493269649,0.323273990447243,0.635416666666667,0.478940512375163,0.125922709509336,0.329931972789115,0.227040816326531,0.680851063829788,0.530612244897959,0.361181972789115,0.226828231292517,0.382227891156462,0.103103741496599,0.375,0.114583333333334,0.0724914965986397,0.103316326530612,0.126984126984127,0.125488493269649,0.136126791141989,0.185799319727891,0.372562358276644,0.113095238095238,0.115718627876683,0.736258865248227,0.146330872774642,0.393399913156752,0.825255102040817,1,0.321971341728181,0.357712765957447,0.429680567879326,0.395570994355188,0.749457229700391,0.541901867129831,0.0940078158923142,0.434693877551021,0.5,0.876062925170068,0.122448979591837,0.0516581632653061,0.247236394557823,0.114583333333334,0.125922709509336,0.565306122448979
"SAD",0.772746598639456,0.760095527572731,0.771168041684759,0.536139455782313,0.219496309161962,0.422619047619048,0.163265306122449,0.0816326530612245,0.0612244897959183,0.474277210884354,0.447459834997829,0.526152482269504,0.7405557967868,0.0738224637681161,0.88125,0.5,0.075421472937001,0.937444543034605,0.556787932564331,0.753188775510204,0.448328267477204,0.53656914893617,0.188015631784628,0.316770186335404,0.482697426796805,0.470748299319728,0.0416666666666667,0.690688775510204,0.494902482269504,0.0310374149659864,0.259878419452887,0.0816326530612246,0.777728482697427,0.155232305688233,0.321971341728181,1,0.144982993197279,0.255102040816326,0.73469387755102,0.28125,0.114850195397308,0.479166666666667,0.198219713417282,0.113307823129252,0.134141156462585,0.316576086956522,0.0530168589174801,0.80625,0.0412414965986394,0.317435669920142,0.103528911564626
"SALT",0.115718627876683,0.0720663265306122,0.144132653061224,0.576955782312925,0.129166666666666,0.136746453900709,0.153061224489796,0.185374149659864,0.707772470690403,0.128798185941044,0.0964749536178109,0.103528911564626,0.0861678004535146,0.495345744680851,0.0416666666666667,0.216624149659864,0.209726443768997,0.148049645390071,0.124362244897959,0.13265306122449,0.0638586956521739,0.0512329931972789,0.330163043478261,0.154549319727891,0.105274822695036,0.0849600709849156,0.329931972789115,0.204081632653062,0.0829636202307011,0.0625271385149804,0.562744246634824,0.0937499999999998,0.11756876663709,0.489795918367347,0.357712765957447,0.144982993197279,1,0.968055555555555,0.163497217068646,0.788598047914818,0.813287016934434,0.137311446317657,0.752763605442176,0.824617346938775,0.471827861579414,0.151248843663275,0.435518888406426,0.0816326530612246,0.210328014184398,0.214058956916099,0.745124716553288
"SALTY",0.278061224489796,0.192743764172335,0.237457482993197,0.779059449866903,0.136126791141989,0.116780045351474,0.136126791141989,0.185374149659864,0.720629047178538,0.163265306122449,0.175807823129252,0.227253401360544,0.15905057675244,0.562310030395136,0.255102040816327,0.229266174554928,0.163265306122449,0.189662821650399,0.144557823129252,0.217759444203213,0.0614370748299322,0.0964749536178109,0.37559704732957,0.177083333333333,0.135416666666667,0.157719609582963,0.26530612244898,0.284580498866213,0.145833333333333,0.0836291038154394,0.629251700680272,0.12677304964539,0.175595238095238,0.548334875115634,0.429680567879326,0.255102040816326,0.968055555555555,1,0.226190476190476,0.854537559704733,0.915705412599823,0.177377333912288,0.862023070097604,0.824617346938775,0.640417036379769,0.164753401360544,0.288052721088435,0.114583333333333,0.189115646258503,0.13265306122449,0.803571428571428
"SHAME",0.700892857142857,0.824404761904762,0.698611111111111,0.458966565349544,0.115913120567376,0.158858998144712,0.125776397515528,0.113732993197279,0.0734250221827862,0.360969387755102,0.43812418584455,0.722151360544218,0.801464063886424,0.0629613547546679,0.588731144631766,0.356255545696539,0.03125,0.721938775510204,0.36790780141844,0.724489795918367,0.392063492063493,0.437689969604864,0.0733599290780143,0.320199275362319,0.418367346938776,0.368351063829787,0.0102040816326531,0.750118203309693,0.583586626139817,0.0421189752496743,0.204081632653061,0.0638864241348714,0.86734693877551,0.0722789115646258,0.395570994355188,0.73469387755102,0.163497217068646,0.226190476190476,1,0.204081632653062,0.193877551020408,0.453656462585034,0.185586734693877,0.156534954407295,0.115284411636995,0.35793439716312,0.102465986394558,0.73881893182805,0.0816326530612245,0.0816326530612245,0.0824829931972789
"SOUR",0.285714285714286,0.230134607034303,0.538033395176252,0.948979591836735,0.156534954407295,0.102040816326531,0.192028985507247,0.173469387755102,0.558784383318545,0.275510204081633,0.120265151515151,0.285714285714286,0.207989578810247,0.576955782312925,0.397959183673469,0.250108554059922,0.216624149659864,0.316326530612245,0.145833333333333,0.278061224489796,0.0926870748299322,0.136524822695035,0.196428571428572,0.165603741496599,0.102040816326531,0.183673469387755,0.375,0.256628787878788,0.175807823129252,0.0918367346938778,0.643552875695733,0.099431818181818,0.23703231292517,0.571645679548415,0.749457229700391,0.28125,0.788598047914818,0.854537559704733,0.204081632653062,1,0.806122448979592,0.167923691215617,0.877551020408163,0.775694444444444,0.710671768707483,0.102891156462585,0.122448979591837,0.247023809523809,0.153061224489796,0.179521276595745,0.694764862466726
"SPICY",0.185586734693877,0.231826241134752,0.219496309161962,0.659651360544218,0.148181011535049,0.0926870748299322,0.216836734693877,0.296598639455782,0.749112688553683,0.237670068027211,0.216836734693877,0.112244897959184,0.163265306122449,0.536352040816326,0.23114463176575,0.302431610942249,0.218193660442901,0.0738031914893617,0.216198979591837,0.191576086956522,0.125,0.193877551020408,0.275510204081633,0.175382653061224,0.158466312056738,0.183673469387755,0.370535714285715,0.165178571428572,0.134353741496599,0.115691489361702,0.670280612244898,0.381590136054421,0.122448979591837,0.642857142857143,0.541901867129831,0.114850195397308,0.813287016934434,0.915705412599823,0.193877551020408,0.806122448979592,1,0.193877551020408,0.877551020408163,0.833260963960052,0.489144594007816,0.18627876682588,0.103103741496599,0.122448979591837,0.206207482993197,0.145028224055579,0.801780286582718
"SURPRISED",0.504464285714285,0.62133984028394,0.318877551020408,0.181159420289855,0.0410289115646258,0.0842198581560284,0.412202380952381,0.0204081632653061,0.188829787234043,0.0931393834129398,0.547429078014185,0.473404255319149,0.559722222222222,0.277284826974268,0.408163265306122,0.584020842379505,0.0421195652173913,0.448328267477204,0.75,0.4375,0.573816760746852,0.785714285714286,0.270833333333333,0.615067303517152,0.489795918367347,0.589539007092199,0.0829353017802868,0.428571428571428,0.755102040816326,0.0944420321320017,0.149511978704525,0.0625271385149804,0.479374728614851,0.0722789115646258,0.0940078158923142,0.479166666666667,0.137311446317657,0.177377333912288,0.453656462585034,0.167923691215617,0.193877551020408,1,0.198535936113576,0.128246753246753,0.103103741496599,0.525297619047619,0.03125,0.55718537414966,0.0514455782312924,0.0734250221827862,0.21875
"SWEET",0.176943117672601,0.144557823129252,0.19991134751773,0.672872340425532,0.113732993197279,0.113520408163266,0.390860692102928,0.229166666666667,0.625271385149805,0.180725623582767,0.354320451584889,0.200132978723404,0.0846920289855074,0.682086167800454,0.16866134751773,0.605297438124186,0.270138888888889,0.126551418439717,0.454506802721088,0.207386363636363,0.285714285714286,0.428571428571429,0.454081632653061,0.413052721088435,0.504464285714285,0.521059487624837,0.396005210594876,0.105939716312057,0.302431610942249,0.127717391304348,0.510855405992184,0.0737476808905382,0.10643115942029,0.679800724637681,0.434693877551021,0.198219713417282,0.752763605442176,0.862023070097604,0.185586734693877,0.877551020408163,0.877551020408163,0.198535936113576,1,0.831338652482269,0.431072695035461,0.266415261756876,0.225170068027211,0.179347826086956,0.274622892635315,0.041684759009987,0.850090579710145
"TASTE",0.177811550151976,0.126329787234043,0.257865646258504,0.704081632653061,0.106699201419698,0.0622874149659866,0.168589174800355,0.11875,0.795918367346939,0.0833695180199739,0.344550586191923,0.116847826086956,0.146330872774642,0.680272108843538,0.0838037342596611,0.406610470275066,0.134141156462585,0.123937074829932,0.274379432624114,0.171428571428571,0.185586734693877,0.211401952085182,0.321102909248806,0.378767730496454,0.219062092922275,0.185374149659864,0.410603371783496,0.135416666666667,0.0933248299319726,0.0734250221827862,0.620124113475177,0.104211897524968,0.113095238095238,0.59826974267968,0.5,0.113307823129252,0.824617346938775,0.824617346938775,0.156534954407295,0.775694444444444,0.833260963960052,0.128246753246753,0.831338652482269,1,0.646113764654798,0.295656028368794,0.145462440295267,0.134141156462585,0.125776397515528,0.0319432120674357,0.938137755102041
